prednames
term0,term1,term2,term3,term4,term5,term6,term0,term1,term2,term3,term4,term5,term6,term0,term1,term2,term3,term4,term5,term6
covarnames
1,1,1,1,1,1,1,climtas,climtas,climtas,climtas,climtas,climtas,climtas,loggdppc,loggdppc,loggdppc,loggdppc,loggdppc,loggdppc,loggdppc
gamma
0.279340923,0.005573849,-0.014148088,0.014022188,-0.01286656,0.01724093,-0.001720674,-0.027877312,0.00025498,-0.000406992,5.81516E-05,0.000239944,-0.000267578,3.16332E-05,-0.012119762,-0.000636297,0.001399389,-0.001068514,0.000771043,-0.001177273,-1.16679E-05
gammavcv
0.251926422,-0.003031685,0.006738377,-0.005414211,0.002714032,-0.000484099,-0.002479843,0.000591027,-7.4721E-06,2.07819E-05,-2.41254E-05,2.20541E-05,-3.27824E-05,0.000051884,-0.025505941,0.000310751,-0.000698337,0.000573949,-0.00030281,9.26687E-05,0.000179226
-0.003031685,6.09812E-05,-0.00014393,0.000127113,-7.68147E-05,5.15863E-05,-1.39482E-05,2.3888E-06,-2.44E-08,-0.000000007,1.093E-07,-1.554E-07,2.208E-07,-0.000000398,0.000299394,-0.000006068,1.44323E-05,-1.29229E-05,7.9606E-06,-5.4934E-06,1.9292E-06
0.006738377,-0.00014393,0.000347214,-0.000319318,0.00020781,-0.000155867,0.000067652,-1.08149E-05,1.256E-07,-1.403E-07,-1.176E-07,0.00000025,-3.129E-07,6.229E-07,-0.000661851,1.42784E-05,-3.47023E-05,3.23099E-05,-2.13082E-05,1.61013E-05,-7.5631E-06
-0.005414211,0.000127113,-0.000319318,0.000316016,-0.000234268,0.000206546,-0.000126255,1.64054E-05,-2.252E-07,4.067E-07,-1.785E-07,3.34E-08,-1.359E-07,5.3E-09,0.000526356,-1.25184E-05,3.16597E-05,-3.16343E-05,2.35715E-05,-2.05478E-05,1.25258E-05
0.002714032,-7.68147E-05,0.00020781,-0.000234268,0.000219608,-0.00025592,0.0002171,-1.51367E-05,2.996E-07,-6.973E-07,6.285E-07,-5.495E-07,9.449E-07,-1.1153E-06,-0.000257253,7.3705E-06,-2.00488E-05,2.27472E-05,-2.13035E-05,2.43172E-05,-2.00834E-05
-0.000484099,5.15863E-05,-0.000155867,0.000206546,-0.00025592,0.000435253,-0.000548492,2.38499E-05,-4.977E-07,1.2278E-06,-1.2369E-06,0.000001299,-2.7985E-06,4.4932E-06,2.78751E-05,-4.6187E-06,1.41972E-05,-1.91513E-05,2.38496E-05,-3.95859E-05,4.83029E-05
-0.002479843,-1.39482E-05,0.000067652,-0.000126255,0.0002171,-0.000548492,0.000988804,-3.87999E-05,6.068E-07,-1.4184E-06,1.3603E-06,-1.6754E-06,0.000004948,-1.02327E-05,0.000274228,0.000000845,-5.3878E-06,1.10987E-05,-1.93918E-05,0.000047539,-8.30819E-05
0.000591027,2.3888E-06,-1.08149E-05,1.64054E-05,-1.51367E-05,2.38499E-05,-3.87999E-05,6.57925E-05,-4.719E-07,0.000000731,-9.83E-08,-3.122E-07,0.000000065,3.095E-07,-9.68516E-05,-0.00000019,0.000001378,-2.5076E-06,0.000002459,-2.8978E-06,3.9041E-06
-7.4721E-06,-2.44E-08,1.256E-07,-2.252E-07,2.996E-07,-4.977E-07,6.068E-07,-4.719E-07,6.3E-09,-1.37E-08,1.07E-08,-6.1E-09,7.3E-09,-8.2E-09,1.0844E-06,-2.6E-09,-1.3E-09,1.36E-08,-2.44E-08,4.24E-08,-5.26E-08
2.07819E-05,-0.000000007,-1.403E-07,4.067E-07,-6.973E-07,1.2278E-06,-1.4184E-06,0.000000731,-1.37E-08,3.34E-08,-3.16E-08,2.26E-08,-2.33E-08,2.18E-08,-2.7127E-06,1.57E-08,-2.38E-08,-2.8E-09,4.12E-08,-9.38E-08,1.167E-07
-2.41254E-05,1.093E-07,-1.176E-07,-1.785E-07,6.285E-07,-1.2369E-06,1.3603E-06,-9.83E-08,1.07E-08,-3.16E-08,0.000000038,-3.28E-08,3.11E-08,-2.49E-08,2.7509E-06,-2.88E-08,6.29E-08,-4.13E-08,-1.35E-08,7.87E-08,-1.012E-07
2.20541E-05,-1.554E-07,0.00000025,3.34E-08,-5.495E-07,0.000001299,-1.6754E-06,-3.122E-07,-6.1E-09,2.26E-08,-3.28E-08,3.26E-08,-3.34E-08,3.04E-08,-2.2755E-06,3.07E-08,-7.15E-08,5.48E-08,2.5E-09,-7.79E-08,1.191E-07
-3.27824E-05,2.208E-07,-3.129E-07,-1.359E-07,9.449E-07,-2.7985E-06,0.000004948,0.000000065,7.3E-09,-2.33E-08,3.11E-08,-3.34E-08,5.09E-08,-7.37E-08,3.4301E-06,-3.55E-08,7.15E-08,-3.67E-08,-4.29E-08,2.017E-07,-3.769E-07
0.000051884,-0.000000398,6.229E-07,5.3E-09,-1.1153E-06,4.4932E-06,-1.02327E-05,3.095E-07,-8.2E-09,2.18E-08,-2.49E-08,3.04E-08,-7.37E-08,1.488E-07,-5.4464E-06,4.94E-08,-8.94E-08,3.31E-08,6.64E-08,-3.338E-07,7.779E-07
-0.025505941,0.000299394,-0.000661851,0.000526356,-0.000257253,2.78751E-05,0.000274228,-9.68516E-05,1.0844E-06,-2.7127E-06,2.7509E-06,-2.2755E-06,3.4301E-06,-5.4464E-06,0.002608582,-3.08974E-05,6.89481E-05,-5.59405E-05,2.87559E-05,-7.2268E-06,-2.04412E-05
0.000310751,-0.000006068,1.42784E-05,-1.25184E-05,7.3705E-06,-4.6187E-06,0.000000845,-0.00000019,-2.6E-09,1.57E-08,-2.88E-08,3.07E-08,-3.55E-08,4.94E-08,-3.08974E-05,6.131E-07,-1.4581E-06,1.3029E-06,-7.891E-07,5.157E-07,-1.516E-07
-0.000698337,1.44323E-05,-3.47023E-05,3.16597E-05,-2.00488E-05,1.41972E-05,-5.3878E-06,0.000001378,-1.3E-09,-2.38E-08,6.29E-08,-7.15E-08,7.15E-08,-8.94E-08,6.89481E-05,-1.4581E-06,3.5459E-06,-3.2964E-06,2.1348E-06,-1.5351E-06,6.603E-07
0.000573949,-1.29229E-05,3.23099E-05,-3.16343E-05,2.27472E-05,-1.91513E-05,1.10987E-05,-2.5076E-06,1.36E-08,-2.8E-09,-4.13E-08,5.48E-08,-3.67E-08,3.31E-08,-5.59405E-05,1.3029E-06,-3.2964E-06,3.2828E-06,-2.3895E-06,0.000001988,-1.1567E-06
-0.00030281,7.9606E-06,-2.13082E-05,2.35715E-05,-2.13035E-05,2.38496E-05,-1.93918E-05,0.000002459,-2.44E-08,4.12E-08,-1.35E-08,2.5E-09,-4.29E-08,6.64E-08,2.87559E-05,-7.891E-07,2.1348E-06,-2.3895E-06,2.1562E-06,-2.3447E-06,1.8554E-06
9.26687E-05,-5.4934E-06,1.61013E-05,-2.05478E-05,2.43172E-05,-3.95859E-05,0.000047539,-2.8978E-06,4.24E-08,-9.38E-08,7.87E-08,-7.79E-08,2.017E-07,-3.338E-07,-7.2268E-06,5.157E-07,-1.5351E-06,0.000001988,-2.3447E-06,3.6935E-06,-4.2958E-06
0.000179226,1.9292E-06,-7.5631E-06,1.25258E-05,-2.00834E-05,4.83029E-05,-8.30819E-05,3.9041E-06,-5.26E-08,1.167E-07,-1.012E-07,1.191E-07,-3.769E-07,7.779E-07,-2.04412E-05,-1.516E-07,6.603E-07,-1.1567E-06,1.8554E-06,-4.2958E-06,0.000007155
